              precision    recall  f1-score   support

           0     0.7035    0.6690    0.6858      1000
           1     0.8010    0.7890    0.7950      1000
           2     0.5211    0.6040    0.5595      1000
           3     0.4794    0.5340    0.5052      1000
           4     0.5980    0.6530    0.6243      1000
           5     0.7880    0.3420    0.4770      1000
           6     0.7392    0.7170    0.7279      1000
           7     0.7057    0.7290    0.7172      1000
           8     0.7826    0.7920    0.7873      1000
           9     0.6976    0.8720    0.7751      1000

    accuracy                         0.6701     10000
   macro avg     0.6816    0.6701    0.6654     10000
weighted avg     0.6816    0.6701    0.6654     10000
