              precision    recall  f1-score   support

           0     0.8040    0.7300    0.7652      1000
           1     0.8966    0.8580    0.8769      1000
           2     0.6556    0.7100    0.6817      1000
           3     0.5559    0.7110    0.6240      1000
           4     0.6973    0.7880    0.7399      1000
           5     0.7241    0.6850    0.7040      1000
           6     0.8619    0.7550    0.8049      1000
           7     0.9024    0.7120    0.7960      1000
           8     0.8888    0.8550    0.8716      1000
           9     0.8299    0.8880    0.8580      1000

    accuracy                         0.7692     10000
   macro avg     0.7816    0.7692    0.7722     10000
weighted avg     0.7816    0.7692    0.7722     10000
