              precision    recall  f1-score   support

           0     0.6797    0.6410    0.6598      1000
           1     0.7489    0.8170    0.7814      1000
           2     0.6404    0.3900    0.4848      1000
           3     0.4711    0.5290    0.4984      1000
           4     0.6155    0.5490    0.5803      1000
           5     0.5951    0.5380    0.5651      1000
           6     0.6409    0.7620    0.6962      1000
           7     0.6559    0.7110    0.6823      1000
           8     0.6916    0.8140    0.7478      1000
           9     0.7692    0.7600    0.7646      1000

    accuracy                         0.6511     10000
   macro avg     0.6508    0.6511    0.6461     10000
weighted avg     0.6508    0.6511    0.6461     10000
