              precision    recall  f1-score   support

           0     0.7788    0.8170    0.7975      1000
           1     0.9079    0.8770    0.8922      1000
           2     0.7757    0.6710    0.7196      1000
           3     0.6099    0.7020    0.6527      1000
           4     0.8134    0.7020    0.7536      1000
           5     0.7313    0.7130    0.7220      1000
           6     0.7858    0.8660    0.8240      1000
           7     0.8729    0.7760    0.8216      1000
           8     0.8581    0.8830    0.8704      1000
           9     0.8137    0.9040    0.8565      1000

    accuracy                         0.7911     10000
   macro avg     0.7948    0.7911    0.7910     10000
weighted avg     0.7948    0.7911    0.7910     10000
