              precision    recall  f1-score   support

           0     0.8225    0.7880    0.8049      1000
           1     0.9207    0.8590    0.8888      1000
           2     0.7602    0.6690    0.7117      1000
           3     0.6036    0.7340    0.6625      1000
           4     0.8202    0.7070    0.7594      1000
           5     0.7611    0.7200    0.7400      1000
           6     0.8373    0.8340    0.8357      1000
           7     0.8283    0.8490    0.8385      1000
           8     0.8957    0.8670    0.8811      1000
           9     0.7706    0.9370    0.8457      1000

    accuracy                         0.7964     10000
   macro avg     0.8020    0.7964    0.7968     10000
weighted avg     0.8020    0.7964    0.7968     10000
