              precision    recall  f1-score   support

           0     0.8065    0.7710    0.7883      1000
           1     0.9050    0.8380    0.8702      1000
           2     0.6968    0.6710    0.6836      1000
           3     0.6256    0.6150    0.6203      1000
           4     0.6815    0.7790    0.7270      1000
           5     0.8011    0.6000    0.6861      1000
           6     0.7832    0.8380    0.8097      1000
           7     0.8497    0.7970    0.8225      1000
           8     0.7962    0.9100    0.8493      1000
           9     0.8060    0.9100    0.8549      1000

    accuracy                         0.7729     10000
   macro avg     0.7752    0.7729    0.7712     10000
weighted avg     0.7752    0.7729    0.7712     10000
