              precision    recall  f1-score   support

           0     0.7863    0.8060    0.7960      1000
           1     0.8881    0.8890    0.8886      1000
           2     0.7137    0.7280    0.7208      1000
           3     0.7049    0.6210    0.6603      1000
           4     0.7234    0.8370    0.7761      1000
           5     0.8200    0.6790    0.7429      1000
           6     0.8504    0.8240    0.8370      1000
           7     0.8280    0.8230    0.8255      1000
           8     0.8588    0.8880    0.8732      1000
           9     0.8277    0.9030    0.8637      1000

    accuracy                         0.7998     10000
   macro avg     0.8001    0.7998    0.7984     10000
weighted avg     0.8001    0.7998    0.7984     10000
