              precision    recall  f1-score   support

           0     0.0000    0.0000    0.0000      1000
           1     0.0000    0.0000    0.0000      1000
           2     0.0000    0.0000    0.0000      1000
           3     0.0000    0.0000    0.0000      1000
           4     0.0000    0.0000    0.0000      1000
           5     0.0000    0.0000    0.0000      1000
           6     0.0000    0.0000    0.0000      1000
           7     0.0000    0.0000    0.0000      1000
           8     0.0000    0.0000    0.0000      1000
           9     0.1000    1.0000    0.1818      1000

    accuracy                         0.1000     10000
   macro avg     0.0100    0.1000    0.0182     10000
weighted avg     0.0100    0.1000    0.0182     10000
