              precision    recall  f1-score   support

           0     0.4710    0.5360    0.5014      1000
           1     0.5801    0.6660    0.6201      1000
           2     0.3410    0.3860    0.3621      1000
           3     0.3106    0.3280    0.3191      1000
           4     0.4413    0.4170    0.4288      1000
           5     0.4308    0.3860    0.4072      1000
           6     0.6066    0.5720    0.5888      1000
           7     0.4934    0.5590    0.5241      1000
           8     0.6078    0.4650    0.5269      1000
           9     0.5865    0.4950    0.5369      1000

    accuracy                         0.4810     10000
   macro avg     0.4869    0.4810    0.4815     10000
weighted avg     0.4869    0.4810    0.4815     10000
