              precision    recall  f1-score   support

           0     0.9849    0.9980    0.9914       980
           1     0.9913    0.9982    0.9947      1135
           2     0.9960    0.9709    0.9833      1032
           3     0.9980    0.9713    0.9844      1010
           4     0.9859    0.9939    0.9899       982
           5     0.9866    0.9899    0.9882       892
           6     0.9886    0.9916    0.9901       958
           7     0.9660    0.9942    0.9799      1028
           8     0.9896    0.9754    0.9824       974
           9     0.9832    0.9851    0.9842      1009

    accuracy                         0.9869     10000
   macro avg     0.9870    0.9869    0.9869     10000
weighted avg     0.9870    0.9869    0.9869     10000
