              precision    recall  f1-score   support

           0     0.9909    0.9980    0.9944       980
           1     0.9947    0.9947    0.9947      1135
           2     0.9913    0.9922    0.9918      1032
           3     0.9749    0.9980    0.9863      1010
           4     0.9938    0.9857    0.9898       982
           5     0.9877    0.9888    0.9882       892
           6     0.9917    0.9937    0.9927       958
           7     0.9922    0.9854    0.9888      1028
           8     0.9896    0.9784    0.9840       974
           9     0.9880    0.9792    0.9836      1009

    accuracy                         0.9895     10000
   macro avg     0.9895    0.9894    0.9894     10000
weighted avg     0.9895    0.9895    0.9895     10000
