              precision    recall  f1-score   support

           0     0.9919    0.9990    0.9954       980
           1     0.9930    0.9991    0.9960      1135
           2     0.9951    0.9903    0.9927      1032
           3     0.9637    1.0000    0.9815      1010
           4     0.9878    0.9929    0.9904       982
           5     0.9931    0.9641    0.9784       892
           6     0.9896    0.9906    0.9901       958
           7     0.9893    0.9854    0.9873      1028
           8     0.9948    0.9908    0.9928       974
           9     0.9919    0.9732    0.9825      1009

    accuracy                         0.9889     10000
   macro avg     0.9890    0.9885    0.9887     10000
weighted avg     0.9890    0.9889    0.9889     10000
