              precision    recall  f1-score   support

           0     0.9810    0.9990    0.9899       980
           1     0.9939    0.9982    0.9960      1135
           2     0.9913    0.9884    0.9898      1032
           3     0.9960    0.9911    0.9935      1010
           4     0.9909    0.9939    0.9924       982
           5     0.9921    0.9899    0.9910       892
           6     0.9947    0.9875    0.9911       958
           7     0.9865    0.9932    0.9898      1028
           8     0.9868    0.9959    0.9913       974
           9     0.9959    0.9713    0.9834      1009

    accuracy                         0.9909     10000
   macro avg     0.9909    0.9908    0.9908     10000
weighted avg     0.9909    0.9909    0.9909     10000
