              precision    recall  f1-score   support

           0     0.9919    0.9949    0.9934       980
           1     0.9956    0.9991    0.9974      1135
           2     0.9942    0.9893    0.9917      1032
           3     0.9931    0.9950    0.9941      1010
           4     0.9979    0.9756    0.9866       982
           5     0.9888    0.9910    0.9899       892
           6     0.9927    0.9885    0.9906       958
           7     0.9884    0.9912    0.9898      1028
           8     0.9887    0.9918    0.9903       974
           9     0.9775    0.9911    0.9843      1009

    accuracy                         0.9909     10000
   macro avg     0.9909    0.9908    0.9908     10000
weighted avg     0.9909    0.9909    0.9909     10000
