              precision    recall  f1-score   support

           0     0.9849    0.9980    0.9914       980
           1     0.9835    1.0000    0.9917      1135
           2     0.9902    0.9816    0.9859      1032
           3     0.9970    0.9802    0.9885      1010
           4     0.9770    0.9969    0.9869       982
           5     0.9789    0.9877    0.9833       892
           6     0.9885    0.9864    0.9875       958
           7     0.9798    0.9922    0.9860      1028
           8     0.9887    0.9856    0.9871       974
           9     0.9979    0.9564    0.9767      1009

    accuracy                         0.9866     10000
   macro avg     0.9866    0.9865    0.9865     10000
weighted avg     0.9867    0.9866    0.9866     10000
