              precision    recall  f1-score   support

           0     0.9889    0.9980    0.9934       980
           1     0.9965    0.9930    0.9947      1135
           2     0.9923    0.9932    0.9927      1032
           3     0.9911    0.9941    0.9926      1010
           4     0.9909    0.9959    0.9934       982
           5     0.9855    0.9933    0.9894       892
           6     0.9948    0.9896    0.9922       958
           7     0.9893    0.9903    0.9898      1028
           8     0.9928    0.9969    0.9949       974
           9     0.9970    0.9762    0.9865      1009

    accuracy                         0.9920     10000
   macro avg     0.9919    0.9920    0.9920     10000
weighted avg     0.9920    0.9920    0.9920     10000
