              precision    recall  f1-score   support

           0     0.9929    0.9939    0.9934       980
           1     0.9938    0.9956    0.9947      1135
           2     0.9951    0.9893    0.9922      1032
           3     0.9931    0.9921    0.9926      1010
           4     0.9939    0.9908    0.9924       982
           5     0.9921    0.9888    0.9905       892
           6     0.9876    0.9948    0.9912       958
           7     0.9846    0.9951    0.9898      1028
           8     0.9969    0.9918    0.9943       974
           9     0.9851    0.9822    0.9836      1009

    accuracy                         0.9915     10000
   macro avg     0.9915    0.9914    0.9915     10000
weighted avg     0.9915    0.9915    0.9915     10000
