              precision    recall  f1-score   support

           0     0.9899    0.9980    0.9939       980
           1     0.9878    0.9991    0.9934      1135
           2     0.9922    0.9855    0.9888      1032
           3     0.9940    0.9901    0.9921      1010
           4     0.9869    0.9980    0.9924       982
           5     0.9910    0.9888    0.9899       892
           6     0.9979    0.9916    0.9948       958
           7     0.9884    0.9942    0.9913      1028
           8     0.9928    0.9897    0.9913       974
           9     0.9960    0.9802    0.9880      1009

    accuracy                         0.9916     10000
   macro avg     0.9917    0.9915    0.9916     10000
weighted avg     0.9916    0.9916    0.9916     10000
